20110302 62.7 63.5 61.2 62.0 3021490.4 486118 65536 
20110303 61.23 62.4 58.89 59.9 6932827.2 1150065 65536 
20110304 59.85 63.99 59.03 63.99 3836586.8 619857 65536 
20110307 63.99 65.58 63.5 64.46 4554569.2 700097 65536 
20110308 64.47 67.2 64.03 67.18 3706767.2 562753 65536 
20110309 67.18 70.07 66.8 67.89 7081011.2 1029162 65536 
20110310 68.7 68.77 65.6 66.05 4948588.0 739031 65536 
20110311 65.86 67.59 65.49 66.49 3741540.0 563837 65536 
20110314 67.31 69.27 65.85 66.25 3049404.0 452277 65536 
20110315 65.66 65.98 63.0 65.19 2782123.2 430296 65536 
20110316 65.19 66.5 64.0 65.88 1517952.1 232346 65536 
20110317 65.01 65.87 62.9 62.9 1930779.2 300891 65536 
20110318 62.94 64.0 62.76 63.3 1240657.0 196309 65536 
20110321 63.0 63.2 60.87 61.56 3454581.2 560659 65536 
20110322 62.4 64.5 61.2 62.24 2052654.4 329581 65536 
20110323 62.02 62.8 62.0 62.7 1326376.0 212645 65536 
20110324 62.7 62.7 61.0 61.66 1812103.0 292351 65536 
20110325 61.66 62.46 61.09 62.4 1947593.2 314991 65536 
20110328 61.5 62.55 61.31 61.88 1418440.8 229384 65536 
20110329 62.25 62.33 59.9 60.0 1515601.0 248909 65536 
20110330 59.51 60.0 57.3 59.3 1708423.4 292611 65536 
20110401 58.8 59.39 57.39 58.98 757240.5 129425 65536 
20110406 58.01 59.29 57.65 58.91 979521.8 168454 65536 
20110407 58.9 59.3 57.92 59.01 491214.35 83871 65536 
20110408 59.48 61.5 59.05 60.79 1892417.0 309841 65536 
20110411 61.0 61.49 59.7 59.8 1445011.5 238401 65536 
20110412 59.08 60.5 59.0 59.3 1281967.1 214465 65536 
20110413 59.0 59.0 57.5 58.02 1974062.0 339700 65536 
20110414 58.0 58.3 55.7 55.8 4261640.4 754690 65536 
20110415 56.07 56.07 54.4 55.2 4099826.4 745090 65536 
20110418 54.9 55.2 53.73 54.3 3072008.6 564733 65536 
20110419 54.3 57.0 53.5 56.48 3265679.4 590595 65536 
20110420 56.2 56.2 54.73 55.44 2894881.0 523011 65536 
20110421 55.4 56.51 54.2 54.7 2679379.4 488617 65536 
20110422 54.01 54.16 52.34 52.5 5408484.0 1017430 65536 
20110425 52.57 53.7 49.8 50.18 5244678.4 1017785 65536 
20110426 50.18 51.17 49.5 50.0 2005596.0 400110 65536 
20110427 50.2 50.69 49.6 50.21 1149678.4 229012 65536 
20110428 50.21 50.58 49.41 49.59 1092086.9 218992 65536 
20110429 24.72 24.78 22.63 23.67 1712157.2 724886 65536 
20110503 23.47 23.59 22.92 23.27 1238216.5 534523 65536 
20110504 23.25 23.4 22.71 22.82 1668624.6 726317 65536 
20110505 22.79 22.96 22.21 22.87 700749.85 308549 65536 
20110506 22.78 23.17 22.5 22.87 1063091.3 465177 65536 
20110509 23.19 23.48 22.31 22.72 2261829.8 987026 65536 
20110510 22.72 22.88 21.0 22.6 1284615.5 575598 65536 
20110511 22.48 22.48 22.0 22.14 1368587.1 616853 65536 
20110512 22.3 22.86 22.02 22.16 1575813.2 701483 65536 
20110513 22.1 22.62 22.1 22.46 936848.1 419159 65536 
20110516 22.47 22.6 22.0 22.01 786314.6 354094 65536 
20110517 22.23 22.25 21.81 22.05 1399711.4 635169 65536 
20110518 21.86 22.2 21.8 22.05 762865.0 348713 65536 
20110519 22.05 22.18 21.83 21.83 706371.15 321800 65536 
20110520 22.05 24.01 21.98 24.01 6571390.8 2827166 65536 
20110523 24.73 26.41 24.73 25.91 14277392.0 5524132 65536 
20110524 25.91 27.65 24.12 26.2 8969356.8 3474738 65536 
20110525 25.71 26.98 25.41 26.0 6438800.8 2463611 65536 
20110526 25.85 26.13 24.71 25.02 4949518.4 1964582 65536 
20110527 24.71 24.74 22.6 23.37 4554452.0 1921235 65536 
20110530 23.01 23.05 21.59 22.05 2889044.4 1296801 65536 
20110531 22.01 23.1 22.01 22.89 2482606.8 1099558 65536 
20110601 22.96 25.18 22.4 25.18 3419588.8 1448814 65536 
20110602 25.5 26.5 24.7 25.49 8108904.8 3180471 65536 
20110603 25.51 27.17 24.85 26.8 8853464.0 3373980 65536 
20110607 26.6 26.73 25.68 26.47 4906568.8 1867748 65536 
20110608 26.1 27.5 26.1 26.94 5948833.6 2214660 65536 
20110609 26.58 26.81 25.01 25.01 4050992.8 1558685 65536 
20110610 24.7 26.0 24.51 25.72 3871440.0 1521417 65536 
20110613 25.75 25.86 24.8 25.7 2217776.4 875704 65536 
20110614 25.5 26.9 25.33 26.48 3180211.0 1203865 65536 
20110615 26.21 26.99 25.8 25.86 3039926.0 1153604 65536 
20110616 25.48 25.48 25.0 25.28 2184648.2 865512 65536 
20110617 25.0 25.44 24.0 24.24 2320920.0 935201 65536 
20110620 24.1 24.1 22.62 22.76 3343789.0 1437525 65536 
20110621 23.2 24.29 22.9 24.1 2250665.8 953073 65536 
20110622 24.09 24.34 23.68 23.7 1477905.3 618011 65536 
20110623 23.5 24.3 22.75 24.06 2616003.8 1107953 65536 
20110624 24.0 26.47 23.71 26.47 5156543.6 1990350 65536 
20110627 27.78 28.3 27.13 27.3 21947214.4 7969527 65536 
20110628 27.03 28.2 27.0 27.11 10694863.2 3893291 65536 
20110629 26.75 27.47 26.4 26.63 7490266.4 2791674 65536 
20110630 26.42 27.48 26.42 27.35 7636952.8 2816178 65536 
20110701 27.02 27.49 26.61 26.89 4273301.6 1577460 65536 
20110704 27.0 27.55 26.7 27.45 6521025.2 2400994 65536 
20110705 27.53 28.48 27.1 28.0 10608349.6 3818296 65536 
20110706 27.89 30.58 27.6 29.55 16488912.0 5757035 65536 
20110707 29.31 29.39 28.5 28.78 10997832.0 3800414 65536 
20110708 28.5 28.8 27.6 27.81 7560079.2 2706267 65536 
20110711 27.82 28.83 27.48 28.29 6694475.6 2367058 65536 
20110712 28.01 28.01 27.23 27.23 4865369.2 1765788 65536 
20110713 27.05 28.25 27.05 27.9 4819961.2 1732729 65536 
20110714 27.09 27.09 25.58 26.26 15423552.0 5893502 65536 
20110715 26.15 26.25 25.62 25.71 9469590.4 3656184 65536 
20110718 25.9 26.49 25.86 26.08 7677933.6 2936958 65536 
20110719 26.07 28.42 25.98 27.99 18594337.6 6780582 65536 
20110720 27.9 28.08 27.01 27.3 8505541.6 3098668 65536 
20110721 27.48 27.81 26.21 26.55 5764077.2 2139731 65536 
20110722 26.51 26.73 26.2 26.45 4818733.2 1827825 65536 
20110725 26.43 26.43 24.64 24.66 7923376.8 3133630 65536 
20110726 24.5 24.8 23.7 24.42 5387543.6 2226567 65536 
20110727 24.32 24.95 23.81 24.81 3389282.0 1383020 65536 
20110728 24.39 24.95 24.11 24.41 4028267.6 1639848 65536 
20110729 24.41 24.45 23.4 23.44 5549739.2 2341650 65536 
20110801 23.0 23.6 22.81 23.22 2740940.2 1179813 65536 
20110802 23.22 23.22 22.33 23.03 2796064.2 1232341 65536 
20110803 22.7 24.1 22.65 23.79 5209382.0 2195675 65536 
20110804 23.65 23.98 23.45 23.7 2551542.2 1078493 65536 
20110805 22.5 23.21 22.4 23.07 2491767.8 1085760 65536 
20110808 22.7 23.0 20.76 20.92 5487732.4 2573807 65536 
20110809 20.05 20.93 19.15 20.25 3235654.6 1618974 65536 
20110810 20.75 20.9 20.2 20.3 3066733.4 1489144 65536 
20110811 19.68 20.47 19.5 20.36 2571107.2 1279095 65536 
20110812 20.68 21.11 20.68 20.86 3775604.4 1811878 65536 
20110815 20.87 21.38 20.65 21.19 2850195.0 1348903 65536 
20110816 21.3 21.3 20.51 20.58 3809008.0 1825015 65536 
20110817 20.5 21.0 20.4 20.88 2761423.2 1327414 65536 
20110818 20.9 20.9 20.18 20.38 2255905.2 1103164 65536 
20110819 19.85 20.1 19.4 20.07 1642948.7 830196 65536 
20110822 20.07 20.38 19.8 20.16 1273535.7 634164 65536 
20110823 20.32 20.82 20.12 20.72 2815814.8 1368548 65536 
20110824 20.8 21.8 20.6 21.0 5613504.4 2643923 65536 
20110825 21.04 21.3 20.52 21.1 3547152.8 1701636 65536 
20110826 21.1 21.83 20.75 21.5 5721046.4 2676055 65536 
20110829 22.02 22.9 21.54 21.61 6984431.2 3163038 65536 
20110830 21.56 21.67 20.92 20.92 3574139.6 1679340 65536 
20110831 20.83 21.0 20.3 20.5 2328182.6 1135002 65536 
20110901 20.56 20.9 20.0 20.0 2501697.8 1228778 65536 
20110902 19.9 20.48 19.68 20.01 3714668.8 1848870 65536 
20110905 19.8 19.9 18.85 18.85 3042016.4 1579404 65536 
20110906 18.4 19.15 18.38 18.44 2022872.0 1085616 65536 
20110907 18.7 18.9 18.41 18.83 2123813.8 1135492 65536 
20110908 18.9 19.48 18.8 18.8 2844737.8 1488176 65536 
20110909 18.8 19.1 18.31 18.5 1454254.8 782372 65536 
20110913 18.08 18.08 17.58 17.75 1671088.0 937105 65536 
20110915 18.06 19.53 18.03 19.53 6801132.8 3560591 65536 
20110916 19.9 21.25 19.85 20.57 13730739.2 6660240 65536 
20110919 20.4 21.15 20.07 20.88 9643709.6 4650746 65536 
20110920 20.8 21.3 20.12 21.3 11956062.4 5799345 65536 
20110921 21.05 21.9 20.75 21.82 16098976.0 7504303 65536 
20110922 21.5 21.7 20.72 20.91 11582665.6 5468854 65536 
20110923 20.4 21.23 20.25 20.93 7628819.2 3672575 65536 
20110926 20.7 21.2 20.47 20.86 7691812.8 3683565 65536 
20110927 21.06 21.38 20.12 20.15 7324868.0 3553712 65536 
20110928 20.3 20.87 19.63 19.76 5801680.8 2839520 65536 
20110929 19.6 19.6 17.78 17.9 7173820.0 3903393 65536 
20110930 17.96 18.2 17.38 18.16 3916290.4 2191870 65536 
20111010 18.2 18.44 17.72 17.96 2116373.2 1171395 65536 
20111011 18.52 18.8 17.38 17.74 3949356.4 2161863 65536 
20111012 17.63 18.58 16.91 18.4 4357193.2 2416145 65536 
20111013 18.22 20.24 18.22 20.24 10485810.4 5400429 65536 
20111014 20.63 20.63 19.75 19.95 9972060.0 4957110 65536 
20111017 20.0 20.88 19.9 20.24 10738564.8 5280083 65536 
20111018 19.98 20.23 19.0 19.03 6619190.4 3357783 65536 
20111019 19.05 19.45 18.45 18.9 3855000.8 2028667 65536 
20111020 18.62 19.26 18.05 18.3 3872641.2 2093677 65536 
20111021 18.32 18.52 17.75 17.75 2468270.2 1359506 65536 
20111024 17.91 19.1 17.5 18.97 5270317.2 2868632 65536 
20111025 18.98 19.68 18.51 19.3 6724812.8 3520554 65536 
20111026 19.05 20.28 18.75 19.7 9066536.8 4625697 65536 
20111027 19.63 20.2 19.27 19.45 7015516.0 3554628 65536 
20111028 19.75 19.88 19.28 19.67 6213969.6 3172981 65536 
20111031 19.5 19.84 19.1 19.83 6595065.6 3383932 65536 
20111101 19.65 21.81 19.51 21.81 21667833.6 10327560 65536 
20111102 21.4 23.85 21.4 23.35 34864086.4 15519205 65536 
20111103 23.25 24.0 22.81 23.38 20422520.0 8714976 65536 
20111104 23.39 23.55 22.7 23.1 11616256.8 5033529 65536 
20111107 22.94 22.94 22.15 22.46 13112358.4 5831242 65536 
20111108 22.3 22.65 22.13 22.41 7855069.6 3505085 65536 
20111109 22.55 23.72 22.31 23.71 16960873.6 7377821 65536 
20111110 23.47 24.55 23.0 24.13 20693163.2 8589548 65536 
20111111 23.81 24.07 23.08 23.36 13285942.4 5642199 65536 
20111114 23.48 24.55 23.48 23.99 13165333.6 5453165 65536 
20111116 23.85 25.5 23.6 23.8 12907603.2 5297702 65536 
20111117 23.6 24.64 23.46 24.22 8561190.4 3543484 65536 
20111118 23.56 24.1 22.8 22.9 8927106.4 3812889 65536 
20111121 22.88 23.25 21.83 22.17 6574042.8 2939945 65536 
20111122 22.0 22.85 21.31 22.83 4941596.4 2230820 65536 
20111123 22.75 23.17 22.09 22.09 4574508.8 2021156 65536 
20111124 21.7 22.63 20.56 22.4 4780857.2 2163821 65536 
20111125 22.45 23.06 22.0 22.18 5198760.8 2293197 65536 
20111128 22.27 22.54 21.51 21.91 3472772.8 1584846 65536 
20111129 22.31 22.69 22.05 22.58 6921638.4 3087460 65536 
20111130 22.7 22.96 21.0 21.7 8927344.0 4061150 65536 
20111201 22.5 22.7 21.92 22.02 6571862.8 2947706 65536 
20111202 21.9 22.26 20.9 21.15 4428134.0 2075850 65536 
20111205 21.15 21.15 19.9 20.11 3199717.4 1579598 65536 
20111206 20.09 20.39 19.6 20.18 1630387.8 813561 65536 
20111207 20.4 20.79 20.13 20.28 1862883.4 912079 65536 
20111208 20.0 20.8 19.88 20.22 2114508.0 1035751 65536 
20111209 19.9 20.39 19.51 19.63 2170292.4 1096188 65536 
20111212 19.65 19.86 19.52 19.52 1979186.2 1005549 65536 
20111213 19.5 19.59 18.8 18.86 2091642.0 1095264 65536 
20111214 18.33 18.99 18.09 18.85 2715698.4 1458065 65536 
20111215 18.33 19.05 18.16 18.82 2614039.4 1403776 65536 
20111216 18.81 19.5 18.58 19.45 1627131.4 853969 65536 
20111219 19.35 19.79 18.89 19.65 1678071.0 868568 65536 
20111220 19.55 20.15 19.3 19.38 2285253.8 1155806 65536 
20111221 19.68 19.78 18.92 18.94 1678235.0 872862 65536 
20111222 18.8 19.19 17.93 18.9 1899937.4 1036078 65536 
20111223 18.76 19.19 18.51 18.98 1109494.0 587126 65536 
20111226 18.32 19.06 18.15 18.76 551877.9 293737 65536 
20111227 18.97 18.97 17.95 18.01 1453215.8 801166 65536 
20111228 17.81 18.0 16.7 17.9 2000136.8 1158260 65536 
20111229 17.5 17.95 17.38 17.95 845342.9 475097 65536 
20111230 17.65 18.63 17.65 18.53 1010002.8 549551 65536 
20120104 18.7 18.97 17.59 17.79 1007490.9 550452 65536 
20120105 17.48 17.7 16.25 16.4 1567539.3 922020 65536 
20120106 16.35 16.8 15.5 16.04 1752390.2 1093695 65536 
20120109 16.11 16.53 15.1 16.41 4016038.0 2510378 65536 
20120110 16.51 17.33 16.2 17.0 3625570.4 2161064 65536 
20120111 16.88 17.78 16.71 17.0 3302444.8 1916384 65536 
20120112 16.9 17.48 16.75 17.0 2210938.8 1292031 65536 
20120113 17.2 17.27 15.86 16.0 2880997.6 1775056 65536 
20120116 15.58 15.87 14.4 14.69 3011495.8 2010251 65536 
20120117 14.45 15.48 13.74 15.26 3167867.8 2184589 65536 
20120118 15.38 15.5 13.83 13.95 2987935.0 2055819 65536 
20120119 14.0 14.21 13.2 14.05 2328166.4 1694703 65536 
20120120 14.11 14.74 14.0 14.53 2076684.6 1427600 65536 
20120130 14.53 15.19 14.2 14.55 1872564.2 1265205 65536 
20120131 14.4 14.7 14.29 14.63 1488124.2 1029920 65536 
20120201 14.5 14.8 14.33 14.48 1352780.8 923774 65536 
20120202 14.42 15.04 14.42 15.03 1882272.0 1265427 65536 
20120203 15.04 16.53 15.0 16.53 6173606.0 3863395 65536 
20120206 17.22 17.94 17.1 17.32 10635337.6 6107001 65536 
20120207 17.32 18.27 17.23 17.63 12226975.2 6907736 65536 
20120208 17.43 18.38 17.38 18.16 11550754.4 6485195 65536 
20120209 17.9 18.8 17.76 18.09 10464188.8 5693430 65536 
20120210 18.05 18.85 17.9 18.45 8432849.6 4606781 65536 
20120213 18.11 20.3 18.11 19.9 20841043.2 10566723 65536 
20120216 20.8 20.8 19.0 19.61 22250480.0 11255514 65536 
20120217 19.21 20.1 19.21 19.98 10953522.4 5561756 65536 
20120220 20.1 20.8 19.7 19.85 10585352.8 5228835 65536 
20120221 19.6 19.85 19.18 19.8 8257473.6 4243247 65536 
20120222 19.68 20.5 19.57 20.2 8869284.0 4396807 65536 
20120223 20.18 21.2 20.1 20.52 12393892.0 6000598 65536 
20120224 20.15 20.87 20.15 20.6 8618361.6 4184974 65536 
20120227 20.97 22.1 20.62 21.58 14920691.2 6930697 65536 
20120228 21.57 21.89 21.0 21.6 9018998.4 4204143 65536 
20120229 21.5 22.5 21.2 22.3 14370931.2 6572947 65536 
20120301 22.2 22.51 21.89 22.03 8547374.4 3837768 65536 
20120305 22.1 23.4 22.1 22.86 18034001.6 7878733 65536 
20120306 22.9 24.4 22.7 23.88 17388764.8 7384417 65536 
20120307 23.47 23.7 22.88 23.13 13031053.6 5611891 65536 
20120308 23.11 23.15 22.08 22.93 16190152.0 7191841 65536 
20120309 22.89 22.89 22.36 22.65 13376653.6 5926176 65536 
20120313 22.4 24.55 22.39 24.25 25499665.6 10737457 65536 
20120314 24.36 24.39 22.97 23.48 20762558.4 8701454 65536 
20120315 23.4 24.49 22.2 24.26 13107111.2 5575705 65536 
20120316 24.12 25.6 23.77 25.1 15028507.2 6107827 65536 
20120319 24.91 25.73 24.7 25.35 8954742.4 3550362 65536 
20120320 25.24 25.4 24.0 24.4 7838189.6 3206562 65536 
20120321 24.45 24.45 22.88 23.11 10848148.0 4643141 65536 
20120322 23.38 23.58 22.9 23.3 4743819.2 2040771 65536 
20120323 23.29 23.9 23.0 23.2 4105305.6 1742126 65536 
20120326 23.21 23.42 22.21 22.66 2743717.8 1211010 65536 
20120327 22.98 23.15 22.53 22.53 2385416.0 1040475 65536 
20120328 22.26 22.51 21.5 21.52 4990736.0 2276556 65536 
20120329 21.54 21.8 20.9 21.65 3514889.2 1653972 65536 
20120330 21.72 23.2 21.7 22.02 4389889.6 1962069 65536 
20120405 22.15 23.0 21.0 22.86 4652132.4 2093248 65536 
20120406 22.66 23.8 22.6 23.26 6950199.2 2995736 65536 
20120409 23.0 23.01 22.0 22.18 3888210.0 1723011 65536 
20120410 22.09 22.36 21.2 22.0 4299008.8 1969016 65536 
20120412 22.27 22.69 22.2 22.45 6600310.0 2938229 65536 
20120413 22.45 23.19 22.38 22.78 4270856.0 1876373 65536 
20120416 22.84 24.95 22.62 24.73 16738484.8 6961443 65536 
20120417 24.22 24.77 23.8 24.47 10593032.0 4356505 65536 
20120418 24.51 25.6 24.45 25.18 15846310.4 6304019 65536 
20120419 25.18 25.5 24.55 25.48 9400345.6 3743552 65536 
20120420 25.12 25.3 23.88 24.2 13789523.2 5664595 65536 
20120423 24.23 24.23 23.25 23.51 7834024.8 3298317 65536 
20120424 23.0 23.7 22.21 22.75 9573511.2 4203092 65536 
20120425 22.73 23.15 21.8 22.93 7944103.2 3556343 65536 
20120426 22.85 22.99 22.36 22.58 3197732.4 1416499 65536 
20120427 22.58 22.87 22.2 22.57 3334136.4 1477559 65536 
20120502 22.97 23.39 22.66 22.8 6505021.6 2819190 65536 
20120503 22.58 23.26 22.58 23.12 4291062.4 1861555 65536 
20120504 23.11 24.3 22.95 24.04 8802924.0 3688207 65536 
20120507 23.94 25.2 23.53 24.92 11897222.4 4900879 65536 
20120508 24.71 25.1 24.02 24.08 9724129.6 3971007 65536 
20120510 23.69 24.18 23.46 23.85 4863704.8 2042828 65536 
20120511 23.83 23.92 23.28 23.42 4973762.8 2112972 65536 
20120514 23.65 25.76 23.65 24.89 25736411.2 10295328 65536 
20120515 24.31 25.49 24.24 24.6 16367696.0 6593457 65536 
20120516 24.4 26.5 24.4 25.61 20014649.6 7832541 65536 
20120517 25.7 26.2 25.2 26.06 13934320.0 5398594 65536 
20120518 26.15 26.5 25.39 26.07 14385624.0 5538702 65536 
20120521 26.0 26.18 24.1 24.6 13065573.6 5286114 65536 
20120522 24.65 25.45 24.65 24.83 9551568.8 3817707 65536 
20120523 24.8 25.78 24.3 25.69 10259302.4 4094222 65536 
20120524 25.45 26.5 25.33 25.7 12020324.0 4626608 65536 
20120525 25.8 26.36 25.11 25.21 8519190.4 3346216 65536 
20120528 25.0 25.9 24.6 25.9 6618500.4 2616759 65536 
20120529 25.66 27.44 25.66 26.89 18027219.2 6737444 65536 
20120530 26.79 27.23 26.37 27.2 11052040.8 4107816 65536 
20120531 26.92 29.15 26.88 27.98 20869025.6 7438336 65536 
20120601 27.8 28.87 27.61 28.12 16692563.2 5914967 65536 
20120604 27.4 28.24 27.0 27.25 11964634.4 4357236 65536 
20120605 27.25 27.73 26.91 27.48 7919371.2 2898181 65536 
20120606 27.58 27.64 26.42 26.55 10144193.6 3759876 65536 
20120607 26.81 27.06 26.25 26.78 7845513.6 2940432 65536 
20120608 27.18 27.58 26.66 26.95 9532277.6 3509959 65536 
20120611 26.96 28.05 26.16 28.03 16717547.2 6103616 65536 
20120612 27.9 28.25 27.54 27.97 7298585.6 2616574 65536 
20120613 27.94 28.46 27.71 28.21 8344116.8 2968241 65536 
20120614 28.02 28.43 27.15 27.25 7616730.4 2743599 65536 
20120615 27.25 27.48 26.95 27.25 6473108.0 2385585 65536 
20120618 27.48 28.13 27.2 27.92 7423212.8 2675845 65536 
20120619 27.97 28.68 27.83 28.23 9309875.2 3292537 65536 
20120620 28.25 28.86 28.05 28.06 6935716.0 2438846 65536 
20120621 27.7 28.9 27.65 28.9 8861518.4 3145970 65536 
20120625 28.88 29.37 28.32 28.55 7603884.0 2633941 65536 
20120626 28.4 28.55 27.3 28.46 6139148.8 2202821 65536 
20120627 28.9 29.79 28.62 28.75 14887473.6 5098949 65536 
20120629 27.95 29.98 27.9 29.7 13784294.4 4680713 65536 
20120702 29.7 31.55 29.53 31.55 16448502.4 5337323 65536 
20120703 31.6 31.8 31.07 31.63 13382094.4 4255626 65536 
20120704 31.7 31.9 30.3 30.4 11038964.8 3560675 65536 
20120705 30.0 30.4 29.3 29.98 10535931.2 3527838 65536 
20120706 30.12 31.07 29.02 30.9 13394503.2 4449895 65536 
20120709 30.65 31.16 30.24 30.24 6630543.2 2160956 65536 
20120710 30.13 30.31 29.0 29.3 8930266.4 3030514 65536 
20120711 29.13 30.3 29.01 30.2 7559898.4 2541937 65536 
20120712 30.0 30.8 29.71 30.2 8593617.6 2832362 65536 
20120713 30.1 30.39 29.7 29.8 4939593.2 1650637 65536 
20120716 29.8 29.8 26.82 27.4 17419006.4 6252230 65536 
20120717 27.4 28.0 27.1 27.76 5471769.2 1981714 65536 
20120718 27.76 28.28 26.9 28.1 4941755.2 1788631 65536 
20120719 28.1 29.0 27.66 28.81 8848012.8 3098278 65536 
20120720 28.7 28.96 28.1 28.36 2967385.6 1044985 65536 
20120723 28.2 29.58 27.6 28.95 6298094.4 2167257 65536 
20120724 28.41 29.44 28.41 29.05 3493196.0 1205660 65536 
20120725 29.06 30.55 29.06 30.33 10402824.8 3450326 65536 
20120726 30.4 31.46 30.4 30.67 10971772.0 3528250 65536 
20120727 30.5 31.28 30.3 30.88 4842300.8 1577213 65536 
20120730 30.88 31.19 29.42 29.65 5094954.8 1686223 65536 
20120731 29.3 30.3 28.99 30.04 4295290.8 1441566 65536 
20120801 30.36 30.8 30.0 30.4 5151656.4 1695636 65536 
20120802 30.4 32.33 30.2 32.3 15981726.4 5038730 65536 
20120803 32.3 33.5 32.0 33.15 14772982.4 4479768 65536 
20120806 32.9 34.16 32.5 33.1 11348518.4 3377059 65536 
20120807 32.8 33.9 32.75 33.66 8792130.4 2645757 65536 
20120808 33.51 34.22 33.16 33.64 8085121.6 2388090 65536 
20120809 33.68 34.12 33.17 33.94 4961168.0 1477083 65536 
20120810 34.0 34.98 33.7 34.69 10204986.4 2956128 65536 
20120813 34.7 34.78 33.71 34.49 5639904.8 1644717 65536 
20120814 34.23 34.38 32.5 33.81 8946911.2 2668662 65536 
20120815 33.78 34.14 33.51 33.86 3505393.6 1035214 65536 
20120816 33.9 34.58 32.35 32.62 6865348.0 2051147 65536 
20120817 32.2 33.28 31.72 32.6 6755164.8 2092795 65536 
20120820 32.58 33.22 31.71 32.85 4661257.6 1426105 65536 
20120821 32.84 36.06 32.74 35.01 19101033.6 5540835 65536 
20120822 35.03 35.18 33.88 34.4 7559835.2 2193085 65536 
20120823 34.45 35.27 34.0 34.41 6555181.6 1898285 65536 
20120824 35.6 35.97 34.35 34.4 18641305.6 5303428 65536 
20120827 34.29 34.5 32.51 32.7 15771977.6 4750644 65536 
20120828 32.6 34.25 32.39 33.84 11532386.4 3437567 65536 
20120829 33.71 35.37 33.71 34.4 13928220.8 4014518 65536 
20120830 34.0 34.9 32.39 34.74 10453580.0 3094693 65536 
20120831 34.64 35.2 34.23 35.14 8723295.2 2507981 65536 
20120903 35.13 36.55 34.6 36.0 13292833.6 3708075 65536 
20120904 36.1 36.66 35.54 35.79 6678888.4 1854763 65536 
20120905 35.52 36.35 35.18 35.99 7417752.0 2076089 65536 
20120906 35.99 36.0 34.96 35.47 6520540.4 1843482 65536 
20120907 35.6 36.04 34.9 35.67 12707121.6 3581238 65536 
20120910 35.7 35.7 34.88 35.23 6875672.8 1948921 65536 
20120911 35.02 35.8 35.02 35.15 6510600.0 1841312 65536 
20120912 35.28 35.39 34.65 34.92 6613946.8 1896544 65536 
20120913 34.92 34.98 32.95 33.77 16206480.0 4826057 65536 
20120914 33.51 34.18 33.1 33.44 6176255.2 1840019 65536 
20120917 33.41 33.98 32.5 32.8 5490076.8 1646768 65536 
20120918 32.76 33.84 32.51 33.8 6460191.6 1935411 65536 
20120919 33.9 34.05 33.51 33.88 4726345.6 1397841 65536 
20120920 33.88 33.88 32.7 32.89 3636908.8 1098418 65536 
20120921 32.88 32.99 32.45 32.8 3907034.4 1197045 65536 
20120924 32.96 34.4 32.5 34.15 6278514.8 1859752 65536 
20120925 34.37 34.52 34.0 34.3 4106366.4 1197935 65536 
20120926 34.01 34.34 33.38 33.6 3500374.0 1037750 65536 
20120927 33.6 35.1 33.3 35.08 8146064.0 2344117 65536 
20120928 34.76 36.66 34.7 36.07 9788036.0 2726771 65536 
20121008 36.02 36.66 35.85 36.42 7284735.2 2005362 65536 
20121009 36.29 39.85 36.29 38.73 15386422.4 4010513 65536 
20121010 38.8 40.89 38.8 39.1 16949528.0 4293191 65536 
20121011 39.08 39.49 38.45 38.5 6294030.8 1622194 65536 
20121012 38.75 39.95 38.38 39.85 8554086.4 2183952 65536 
20121015 39.99 40.28 39.35 39.97 7145287.2 1797143 65536 
20121016 40.0 40.02 38.76 38.85 8526925.6 2169759 65536 
20121017 38.88 40.87 38.6 40.73 10011008.0 2509367 65536 
20121018 40.74 41.39 40.3 40.45 10561438.4 2593336 65536 
20121019 40.61 40.75 39.9 40.31 5318204.0 1319277 65536 
20121022 39.96 40.5 39.76 40.18 5122883.2 1274392 65536 
20121023 41.56 41.7 38.42 39.0 18096803.2 4520494 65536 
20121024 38.72 39.8 38.71 39.07 11365227.2 2896264 65536 
20121025 39.2 42.5 39.06 39.98 15334208.0 3778227 65536 
20121026 40.37 40.6 38.88 40.33 10932670.4 2758431 65536 
20121029 40.0 42.42 40.0 42.25 16258043.2 3916696 65536 
20121030 42.14 43.55 41.58 43.2 14982889.6 3516111 65536 
20121031 43.3 43.45 42.5 43.05 8722061.6 2030893 65536 
20121101 43.2 43.6 42.6 43.5 8369351.2 1943421 65536 
20121102 43.35 43.38 42.5 42.5 9049759.2 2112575 65536 
20121105 42.41 43.46 41.3 42.75 14284505.6 3375237 65536 
20121106 42.61 42.93 41.5 41.98 6715423.2 1596078 65536 
20121107 41.77 41.9 40.9 41.6 9610060.8 2332052 65536 
20121108 41.49 41.49 40.03 40.35 6892865.6 1691360 65536 
20121109 40.22 40.98 39.66 40.28 6035796.4 1500019 65536 
20121112 40.6 40.6 37.9 40.17 15787694.4 4057969 65536 
20121113 39.65 39.85 38.82 38.82 4993426.4 1274604 65536 
20121114 39.0 39.4 37.98 39.3 8479058.4 2189960 65536 
20121115 38.95 39.39 38.3 38.3 5437570.4 1398152 65536 
20121116 37.96 38.9 37.76 38.3 4227762.4 1103235 65536 
20121119 38.3 39.42 38.01 38.67 8329555.2 2148079 65536 
20121120 39.15 39.7 38.68 38.84 7414916.8 1894231 65536 
20121121 39.0 39.29 36.8 38.18 15224233.6 4035353 65536 
20121122 37.96 37.97 37.0 37.01 8083373.6 2173550 65536 
20121123 36.75 37.52 36.7 37.14 5264203.2 1416396 65536 
20121126 37.22 37.5 35.01 35.5 11989647.2 3317800 65536 
20121127 35.65 36.24 35.05 35.07 5132010.4 1439080 65536 
20121128 34.88 35.03 33.75 33.9 11189097.6 3264281 65536 
20121129 33.8 35.11 33.61 34.89 6594774.0 1899464 65536 
20121130 34.61 37.5 34.6 37.12 11346611.2 3122332 65536 
20121203 37.12 38.58 37.0 37.9 12913986.4 3397528 65536 
20121204 37.78 38.3 37.0 38.01 4962914.4 1313369 65536 
20121205 38.0 39.99 37.85 39.6 12912220.8 3299859 65536 
20121206 39.4 41.0 38.53 40.03 12262248.0 3095911 65536 
20121207 39.99 40.5 39.23 40.35 9752321.6 2442515 65536 
20121210 40.27 40.27 39.5 39.76 7262841.6 1821990 65536 
20121211 39.78 41.4 39.45 39.52 9349491.2 2312067 65536 
20121212 39.45 39.94 39.0 39.82 6116912.0 1549683 65536 
20121213 39.82 39.82 39.2 39.72 3767076.0 954945 65536 
20121214 39.52 40.98 39.33 40.42 10391564.0 2574131 65536 
20121217 40.01 40.41 36.5 39.2 19841780.8 5170668 65536 
20121218 38.29 39.28 37.71 38.48 7822056.8 2023400 65536 
20121219 38.62 39.09 38.5 38.92 5188794.0 1336155 65536 
20121220 38.92 39.7 37.7 39.38 9273988.0 2377357 65536 
20121221 39.45 39.58 38.71 39.46 6212403.2 1582610 65536 
20121224 39.45 43.35 39.0 42.9 20455270.4 4942363 65536 
20121225 42.88 43.38 42.3 42.85 14666097.6 3427016 65536 
20121226 42.54 44.56 42.54 43.16 15517652.8 3549225 65536 
20121227 43.43 44.75 42.16 42.24 16460648.0 3769907 65536 
20121228 42.35 43.23 40.88 42.28 13774304.0 3284218 65536 
20121231 41.97 43.3 41.26 41.97 20167700.8 4816978 65536 
20130104 42.8 43.15 41.6 43.13 17252806.4 4066727 65536 
20130107 43.13 43.78 42.47 43.42 15511568.0 3601783 65536 
20130108 43.99 46.77 43.46 45.83 26999641.6 5944160 65536 
20130109 45.22 46.44 45.0 45.98 16605257.6 3644563 65536 
20130111 45.8 47.7 44.4 46.21 24426584.0 5325792 65536 
20130114 45.88 48.22 44.81 47.71 24775062.4 5303040 65536 
20130115 47.5 48.48 46.85 47.53 15220974.4 3202231 65536 
20130116 47.5 47.79 46.2 47.0 11611096.0 2476018 65536 
20130117 46.6 47.4 46.3 46.51 6598426.8 1411369 65536 
20130118 46.78 48.5 46.53 48.36 14812928.0 3095389 65536 
20130121 48.4 48.87 47.66 48.36 9104423.2 1889730 65536 
20130122 48.29 48.68 46.68 46.68 7525533.6 1584179 65536 
20130123 46.4 46.4 44.95 46.1 9555367.2 2096669 65536 
20130124 45.53 46.1 43.36 44.35 16280161.6 3634979 65536 
20130125 43.93 44.8 43.2 43.73 6383854.0 1451660 65536 
20130128 43.61 44.93 43.6 44.89 11719844.8 2651314 65536 
20130129 44.91 45.1 43.35 44.76 10795152.8 2433975 65536 
20130130 44.7 45.85 44.35 45.1 12441979.2 2742998 65536 
20130131 45.5 46.96 44.62 44.7 9818747.2 2152441 65536 
20130201 44.46 45.1 43.81 45.1 7874336.8 1777838 65536 
20130204 45.01 45.45 42.74 42.74 12094835.2 2769468 65536 
20130205 42.51 44.18 42.21 43.73 7085940.8 1631232 65536 
20130206 43.98 45.31 43.65 44.5 7429700.0 1670415 65536 
20130207 44.8 46.5 44.4 46.0 13329796.0 2908015 65536 
20130208 46.0 48.37 45.8 47.36 13152837.6 2769568 65536 
20130218 47.42 49.5 47.42 48.4 12307609.6 2541964 65536 
20130219 48.16 48.8 47.3 48.21 6803855.2 1421716 65536 
20130220 48.16 49.67 47.83 49.6 10528880.0 2140239 65536 
20130221 49.6 50.3 47.3 48.33 11226306.4 2293230 65536 
20130222 48.2 50.66 48.0 48.69 16581192.0 3329231 65536 
20130225 49.02 50.6 48.13 50.49 10838898.4 2188230 65536 
20130226 50.38 51.59 49.0 49.05 11824415.2 2350987 65536 
20130227 49.05 50.44 47.92 50.1 12771594.4 2584068 65536 
20130228 49.9 50.77 49.32 49.92 12825683.2 2572323 65536 
20130301 50.0 51.68 49.21 51.43 12138403.2 2400600 65536 
20130304 51.15 52.5 50.9 51.6 10868258.4 2095378 65536 
20130305 51.98 55.97 51.68 55.0 20691051.2 3798910 65536 
20130306 55.45 59.5 54.7 57.6 16349331.2 2880861 65536 
20130307 57.8 58.44 56.77 58.35 16724361.6 2907493 65536 
20130308 58.3 60.4 53.66 56.7 22970812.8 4044319 65536 
20130311 56.0 58.1 55.03 57.66 15816848.0 2790759 65536 
20130312 57.6 57.6 53.81 54.8 17663723.2 3186373 65536 
20130313 54.34 56.2 52.2 55.78 13964572.8 2592815 65536 
20130314 55.7 61.36 55.02 61.36 29357315.2 4931283 65536 
20130315 61.36 64.88 60.7 61.36 31060214.4 4952516 65536 
20130318 61.33 64.0 59.3 62.44 19629107.2 3122196 65536 
20130319 62.0 63.43 60.9 61.3 14995480.0 2423138 65536 
20130320 60.55 62.7 60.31 62.1 14043376.0 2280572 65536 
20130321 62.02 67.79 61.51 67.06 23386692.8 3593364 65536 
20130322 66.5 69.66 66.08 67.81 18898499.2 2777065 65536 
20130325 67.81 69.15 66.15 67.67 20672804.8 3072541 65536 
20130326 67.67 70.8 67.0 69.51 24776808.0 3593187 65536 
20130327 69.86 70.86 68.75 70.7 17519960.0 2508555 65536 
20130328 70.5 70.5 68.05 68.51 21264193.6 3087370 65536 
20130329 68.58 75.36 68.58 75.36 28196915.2 3919986 65536 
20130401 75.46 76.2 72.01 74.8 35109958.4 4739361 65536 
20130402 74.64 80.48 68.88 71.35 58271948.8 7760482 65536 
20130403 69.83 73.78 68.5 70.5 36626553.6 5161442 65536 
20130408 67.98 77.55 66.21 76.87 35939961.6 4873515 65536 
20130409 78.3 81.85 75.89 79.78 33573462.4 4265518 65536 
20130410 79.3 80.61 76.3 79.8 28200297.6 3577446 65536 
20130411 79.62 82.58 77.93 80.7 25981137.6 3244597 65536 
20130412 80.54 83.99 80.2 81.5 38973622.4 4743974 65536 
20130415 81.88 82.77 77.7 81.36 30421808.0 3795657 65536 
20130416 40.42 42.08 39.51 41.06 43800211.2 10745453 65536 
20130417 41.06 45.0 40.52 44.99 63288262.4 14581667 65536 
20130418 44.0 45.85 44.0 44.94 59415078.4 13239099 65536 
20130419 45.31 45.49 44.5 44.95 45342240.0 10091193 65536 
20130422 44.86 48.6 44.48 48.38 62262380.8 13266830 65536 
20130423 48.52 49.97 47.38 49.7 72319308.8 14892080 65536 
20130424 49.65 54.67 48.94 54.65 90354182.4 17165890 65536 
20130425 54.5 58.99 49.5 51.01 146053363.2 26681264 65536 
20130426 50.3 50.41 45.91 46.39 106884364.8 22343025 65536 
20130502 46.0 49.99 45.99 49.86 78908454.4 16245969 65536 
20130503 49.58 52.78 49.33 50.0 73831840.0 14588427 65536 
20130506 50.0 51.99 48.6 49.22 65914022.4 13159713 65536 
20130507 48.95 48.95 46.6 47.8 64948544.0 13701494 65536 
20130508 48.0 52.26 47.31 52.08 100988179.2 20295161 65536 
20130509 52.08 53.35 50.7 52.2 94936492.8 18232834 65536 
20130510 51.49 52.29 50.01 51.05 50760348.8 9920989 65536 
20130513 50.55 53.39 50.55 52.68 59325996.8 11303111 65536 
20130514 52.98 53.19 51.5 51.97 48365936.0 9235725 65536 
20130515 52.75 56.5 52.0 55.24 87748422.4 16112451 65536 
20130516 54.6 56.43 53.6 54.75 75488576.0 13770972 65536 
20130517 54.79 55.28 53.76 54.7 47712576.0 8760697 65536 
20130520 54.71 55.2 52.0 54.14 53299936.0 9939736 65536 
20130521 54.2 57.68 52.5 56.15 86076812.8 15555897 65536 
20130522 56.15 57.43 54.51 54.94 52961148.8 9501972 65536 
20130523 54.6 55.58 54.23 54.25 36946752.0 6732369 65536 
20130524 53.83 55.0 53.05 54.1 38859212.8 7185592 65536 
20130527 54.1 56.48 53.41 56.0 59212153.6 10672742 65536 
20130528 56.0 56.8 53.5 54.09 59452697.6 10863090 65536 
20130529 54.0 54.0 48.71 53.2 72634969.6 14079044 65536 
20130530 52.0 52.7 49.9 50.45 54450054.4 10650660 65536 
20130531 50.9 50.9 47.47 48.35 66681088.0 13662328 65536 
20130603 47.98 50.75 47.48 49.16 49204390.4 9925908 65536 
20130604 49.1 49.65 47.53 47.94 29454841.6 6113763 65536 
20130605 47.94 49.88 47.63 49.5 38458240.0 7815955 65536 
20130606 49.5 49.87 49.05 49.31 21064302.4 4258638 65536 
20130607 49.35 51.26 49.32 50.3 40463472.0 8015775 65536 
20130613 49.99 49.99 46.67 49.23 29100556.8 5990959 65536 
20130614 49.3 51.4 49.3 51.05 32787273.6 6441815 65536 
20130617 51.51 51.98 48.5 48.7 53452268.8 10661563 65536 
20130618 48.69 48.71 46.88 47.6 34471251.2 7233515 65536 
20130619 47.6 49.45 46.65 49.01 34197388.8 7050039 65536 
20130620 48.68 49.22 47.25 47.36 17383616.0 3601756 65536 
20130621 46.88 47.17 43.71 46.25 26070704.0 5681636 65536 
20130624 46.0 46.02 41.85 41.85 32114332.8 7383761 65536 
20130625 41.0 43.98 37.81 43.73 40787657.6 9831037 65536 
20130626 43.49 47.95 43.15 47.7 48542249.6 10542799 65536 
20130627 48.09 48.55 45.45 46.7 33735145.6 7171862 65536 
20130628 47.18 49.54 46.0 47.66 39721280.0 8304198 65536 
20130701 48.21 51.5 47.66 50.88 59541177.6 11782053 65536 
20130702 51.28 53.48 50.58 53.0 53040592.0 10077654 65536 
20130703 53.8 58.3 53.03 58.3 96022060.8 17038479 65536 
20130704 58.53 59.49 56.8 57.93 71035788.8 12193115 65536 
20130705 57.88 58.49 54.58 54.79 50010128.0 8817650 65536 
20130708 53.4 55.79 51.5 52.14 56185568.0 10578806 65536 
20130709 52.13 53.3 50.51 52.32 45202790.4 8709556 65536 
20130710 52.76 52.99 50.77 51.96 47225900.8 9082079 65536 
20130711 52.23 54.76 51.5 54.72 52840700.8 9917182 65536 
20130712 54.92 55.99 52.35 52.4 51472489.6 9499348 65536 
20130715 51.51 53.11 51.5 52.64 48677635.2 9334696 65536 
20130716 53.35 54.6 52.5 54.1 49068694.4 9074340 65536 
20130717 54.7 55.16 51.86 52.66 42376300.8 7942821 65536 
20130718 51.95 52.5 50.53 50.85 51903436.8 10152346 65536 
20130719 50.56 51.5 47.47 47.52 69603347.2 14111642 65536 
20130722 47.47 49.5 46.5 48.89 34078275.2 7024946 65536 
20130723 49.65 51.48 49.51 51.43 41324038.4 8130925 65536 
20130724 51.46 52.74 50.88 51.7 48231030.4 9266865 65536 
20130725 51.6 52.36 48.58 48.6 41026764.8 8219849 65536 
20130726 48.29 49.6 47.66 48.04 28683852.8 5922585 65536 
20130729 48.0 48.0 45.78 46.35 33103801.6 7064170 65536 
20130730 46.8 47.8 46.38 47.28 24206808.0 5136518 65536 
20130731 47.09 48.5 46.81 47.28 23633867.2 4951718 65536 
20130801 46.7 47.86 44.5 47.85 57356268.8 12490449 65536 
20130802 47.88 47.99 46.0 46.21 40979545.6 8737779 65536 
20130805 46.0 46.8 45.5 46.24 38934432.0 8467742 65536 
20130806 46.55 50.59 46.55 49.93 67019091.2 13849649 65536 
20130807 49.49 50.68 48.23 48.98 41679603.2 8455555 65536 
20130808 48.42 51.97 48.31 50.55 81590508.8 16064099 65536 
20130809 50.7 51.77 49.5 50.31 46818281.6 9274606 65536 
20130812 50.3 50.5 46.8 48.18 70018668.8 14532573 65536 
20130813 48.17 48.53 47.0 48.36 30003260.8 6253157 65536 
20130814 48.36 48.43 47.1 47.2 40167609.6 8472663 65536 
20130815 47.3 48.0 46.8 46.9 23731400.0 5010286 65536 
20130816 46.58 46.97 45.34 45.5 39196480.0 8541293 65536 
20130819 45.5 46.14 44.13 45.39 50830326.4 11320931 65536 
20130820 45.5 47.34 45.0 46.85 46794960.0 10092501 65536 
20130821 46.72 46.8 45.71 46.0 24569524.8 5333591 65536 
20130822 45.81 46.84 45.81 46.2 23653027.2 5107237 65536 
20130823 46.5 49.26 46.49 48.77 87142873.6 18062649 65536 
20130826 48.7 50.54 48.7 49.1 61917766.4 12476724 65536 
20130827 48.8 49.17 47.8 48.14 34136988.8 7092284 65536 
20130828 47.73 47.73 46.35 46.5 37424886.4 7989101 65536 
20130829 46.28 48.39 45.0 47.69 41754512.0 8810611 65536 
20130830 47.69 48.36 45.01 45.78 41123238.4 8801481 65536 
20130902 45.55 46.55 45.3 46.0 21805515.2 4746044 65536 
20130903 46.36 48.3 46.15 47.08 28221916.8 5966963 65536 
20130904 47.0 50.5 46.9 50.02 92083411.2 18700661 65536 
20130905 50.28 50.55 48.52 49.14 59542713.6 12026181 65536 
20130906 48.91 50.45 48.56 49.39 43247798.4 8679780 65536 
20130909 49.2 49.21 47.35 47.8 47589894.4 9937723 65536 
20130910 47.91 48.2 46.55 47.01 33299241.6 7068557 65536 
20130911 46.97 46.97 44.2 44.71 61801120.0 13661197 65536 
20130912 44.91 45.91 44.91 45.69 25676678.4 5654858 65536 
20130913 45.69 46.09 45.0 45.76 16860153.6 3702165 65536 
20130916 45.76 45.98 44.91 45.57 22903768.0 5036631 65536 
20130917 45.76 45.79 43.9 44.02 39159760.0 8815937 65536 
20130918 44.0 44.57 43.72 44.1 20413545.6 4631955 65536 
20130923 44.5 45.34 44.1 45.3 24370011.2 5435474 65536 
20130924 45.49 46.35 45.0 45.2 26529236.8 5817806 65536 
20130925 44.9 44.9 43.72 43.86 37238016.0 8463873 65536 
20130926 43.86 43.86 42.2 42.28 31089001.6 7275927 65536 
20130927 42.26 43.74 42.1 42.52 20548534.4 4792313 65536 
20130930 42.42 43.18 42.42 42.49 16739755.2 3930602 65536 
20131008 42.48 43.33 41.57 43.04 30669734.4 7165834 65536 
20131009 43.04 43.3 42.0 43.15 24122273.6 5656961 65536 
20131010 42.3 42.41 40.5 40.7 52156368.0 12581845 65536 
20131011 40.6 40.85 38.68 38.93 74927353.6 19024658 65536 
20131014 39.3 42.4 38.9 42.0 70425267.2 17169030 65536 
20131015 41.97 43.88 41.4 42.27 58210009.6 13615725 65536 
20131016 42.27 43.3 41.55 42.11 38177939.2 8974382 65536 
20131017 45.01 46.32 45.01 46.32 65651232.0 14198860 65536 
20131018 49.47 49.47 46.42 47.2 100288556.8 21046011 65536 
20131021 47.6 47.66 44.65 46.4 62192953.6 13488501 65536 
20131022 45.95 47.54 45.79 46.45 53833126.4 11500139 65536 
20131023 46.01 46.06 43.7 43.91 45518259.2 10241904 65536 
20131024 43.31 44.74 42.6 44.6 24837196.8 5686919 65536 
20131025 43.81 45.55 43.56 44.03 24102763.2 5395100 65536 
20131028 44.33 45.48 43.44 44.13 28680585.6 6429181 65536 
20131029 44.12 44.12 40.6 42.75 30667084.8 7228699 65536 
20131030 42.95 44.23 42.9 43.92 19839364.8 4547642 65536 
20131031 44.1 44.26 42.68 42.75 13989390.4 3226212 65536 
20131101 42.06 42.44 41.01 41.79 16558032.0 3966394 65536 
20131104 41.79 43.3 41.79 42.86 16132886.4 3779332 65536 
20131105 42.51 43.35 42.48 42.94 11282122.4 2627415 65536 
20131106 43.0 44.06 42.9 43.05 17811683.2 4095258 65536 
20131107 41.95 42.57 41.65 41.77 32160732.8 7660483 65536 
20131108 41.8 42.78 41.72 41.8 11569273.6 2743827 65536 
20131111 41.76 42.35 41.28 42.15 10634820.8 2540103 65536 
20131112 42.2 42.4 41.77 42.2 11313725.6 2686016 65536 
20131113 42.3 42.87 42.0 42.2 14411972.8 3393483 65536 
20131114 41.97 42.75 41.81 42.5 11015379.2 2604279 65536 
20131115 42.38 44.0 42.09 43.09 26600569.6 6158402 65536 
20131118 43.21 43.86 42.76 43.5 20817960.0 4795571 65536 
20131119 43.5 47.07 43.35 45.79 53245856.0 11647500 4350 
20131120 45.8 46.19 44.01 45.33 28409747.2 6327763 65536 
20131121 44.8 45.0 43.61 44.81 24395056.0 5498268 65536 
20131122 44.69 45.29 44.32 44.41 16706081.6 3721949 65536 
20131125 44.6 45.78 44.22 44.94 27524614.4 6083533 65536 
20131126 45.1 46.75 44.61 46.49 41101526.4 8957216 65536 
20131127 46.49 48.5 46.21 47.75 50331913.6 10578337 65536 
20131128 47.8 48.1 47.1 47.4 30409552.0 6400234 65536 
20131129 47.68 48.93 47.68 47.85 32190179.2 6644309 65536 
20131202 46.43 47.09 45.15 45.41 35611724.8 7733517 65536 
20131203 45.11 46.84 45.1 46.58 17746091.2 3845175 65536 
20131204 46.85 49.0 46.85 47.61 31262297.6 6470879 65536 
20131205 47.8 48.7 46.21 46.25 19423675.2 4126004 65536 
20131206 46.26 46.49 44.8 45.39 20211185.6 4460139 65536 
20131209 45.8 46.25 44.9 45.3 21720620.8 4799315 65536 
20131210 45.5 45.85 44.97 45.5 14889112.0 3284894 65536 
20131211 45.49 45.53 44.71 44.92 13613992.0 3022142 65536 
20131212 44.93 45.58 44.82 45.54 14533467.2 3208663 65536 
20131213 45.25 45.78 44.8 45.39 15172185.6 3351364 65536 
20131216 45.49 46.38 45.11 46.33 21569080.0 4712816 65536 
20131217 46.33 46.53 45.61 45.88 11752100.8 2553526 65536 
20131218 45.5 46.08 44.93 45.3 9771799.2 2148279 65536 
20131219 45.25 46.28 45.25 45.64 13333122.4 2902285 65536 
20131220 46.3 47.22 44.71 44.9 17040588.8 3710565 65536 
20131223 44.87 44.99 43.8 44.9 14142688.0 3188931 65536 
20131224 44.9 45.27 43.95 44.34 12412944.8 2772283 65536 
20131225 44.34 45.56 44.0 45.55 15564812.8 3449710 65536 
20131226 45.27 45.92 44.9 45.15 12974483.2 2860563 65536 
20131227 45.15 46.85 44.92 46.85 24891905.6 5391612 65536 
20131230 46.85 47.49 46.5 47.31 18359928.0 3904940 65536 
20131231 47.2 48.24 46.52 48.08 24844246.4 5214280 65536 
20140102 49.05 50.0 48.0 48.46 31600598.4 6479890 65536 
20140103 47.8 49.12 47.63 48.36 33423033.6 6907421 65536 
20140106 48.35 48.38 46.58 46.85 24156048.0 5131380 65536 
20140107 46.28 47.18 46.09 46.51 15301590.4 3284954 65536 
20140108 46.75 48.41 46.52 48.0 23359182.4 4897737 65536 
20140109 48.08 48.59 47.41 48.07 19081216.0 3970620 65536 
20140110 47.81 48.1 46.18 46.2 14303896.0 3047180 65536 
20140113 46.26 46.5 43.2 43.7 28569856.0 6415529 65536 
20140114 43.7 44.46 43.28 44.2 15547393.6 3550304 65536 
20140115 44.3 44.7 43.98 44.44 12893020.8 2909535 65536 
20140116 44.46 44.85 44.1 44.44 13374256.0 3002753 65536 
20140117 44.44 44.74 42.18 42.43 27580451.2 6435310 65536 
20140120 42.1 42.76 41.52 41.79 16076963.2 3807307 65536 
20140121 41.79 42.85 41.76 42.19 10697503.2 2536146 65536 
20140122 42.32 43.78 42.18 43.65 16765420.8 3906978 65536 
20140123 43.7 43.92 42.71 42.84 20885747.2 4851541 65536 
20140124 42.79 43.55 42.3 43.17 20680627.2 4816964 65536 
20140127 43.0 43.62 42.42 43.2 15104315.2 3504331 65536 
20140128 42.95 43.6 41.88 42.2 15397995.2 3639311 65536 
20140129 42.4 42.5 41.55 41.73 14846488.0 3552122 65536 
20140130 41.61 42.97 41.61 42.47 12157432.8 2853938 65536 
20140207 42.29 43.37 41.5 42.96 42758355.2 10018982 65536 
20140210 43.2 44.95 43.0 44.59 56538828.8 12705808 65536 
20140211 45.98 49.05 45.97 46.9 85768800.0 18076770 65536 
20140212 46.97 48.77 46.18 48.17 45406076.8 9508538 65536 
20140213 48.21 49.44 47.5 47.84 64511392.0 13256756 65536 
20140214 47.88 51.98 47.88 51.64 70472076.8 13962527 65536 
20140217 51.7 52.36 50.86 51.71 53636611.2 10390429 65536 
20140218 51.7 51.7 48.85 49.46 64973670.4 12969537 65536 
20140219 49.3 49.34 47.77 48.48 34245520.0 7068067 65536 
20140220 48.51 49.4 47.33 47.81 30330745.6 6285823 65536 
20140221 47.82 49.3 47.4 48.11 35226966.4 7315013 65536 
20140327 49.0 49.28 43.3 43.39 101985504.0 22756666 65536 
20140328 42.5 44.29 39.05 43.66 78272601.6 18675801 65536 
20140331 42.4 43.4 41.48 42.1 23086609.6 5452372 65536 
20140401 42.12 43.21 41.65 43.09 22919968.0 5382585 65536 
20140402 43.38 44.95 43.38 44.38 44309139.2 9950818 65536 
20140403 44.38 44.77 43.55 43.93 19364625.6 4387461 65536 
20140404 43.94 44.66 43.71 44.25 18526760.0 4184547 65536 
20140408 44.35 46.23 44.0 45.61 27025878.4 5967073 65536 
20140409 45.93 47.17 45.49 45.88 24193609.6 5231836 65536 
20140410 46.01 47.48 46.01 47.42 39123529.6 8320662 65536 
20140411 47.11 47.38 46.55 47.17 22272928.0 4737657 65536 
20140414 47.5 47.76 45.52 45.99 32703641.6 7092617 65536 
20140415 45.92 46.4 44.15 44.65 28739107.2 6369839 65536 
20140416 44.64 45.51 44.16 45.3 15305932.8 3392201 65536 
20140417 45.76 47.3 45.76 47.0 24943328.0 5346642 65536 
20140418 47.0 47.24 46.15 46.9 17103390.4 3656440 65536 
20140421 46.56 48.68 46.11 47.09 31366435.2 6585668 65536 
20140422 23.15 23.66 21.8 22.8 36735385.6 16273685 65536 
20140423 22.8 22.94 22.09 22.27 15934182.4 7098241 65536 
20140424 22.35 22.48 21.86 21.95 13285906.4 6025137 65536 
20140425 21.85 22.59 21.5 21.52 19941624.0 9063185 65536 
20140428 21.5 21.5 20.5 20.93 17932449.6 8582477 65536 
20140429 20.9 21.45 20.8 21.17 15572483.2 7371909 65536 
20140430 21.15 21.46 21.01 21.2 13491580.8 6340499 65536 
20140505 21.2 23.32 21.2 23.32 46736483.2 20726482 65536 
20140506 23.75 24.56 23.36 23.71 73735155.2 30696687 65536 
20140507 23.76 24.4 23.32 23.7 49705190.4 20855619 65536 
20140508 23.27 23.88 22.7 22.76 38276851.2 16344201 65536 
20140509 22.8 23.15 21.0 23.09 35989212.8 16047367 65536 
20140512 23.17 23.5 22.6 23.23 24546132.8 10652215 65536 
20140513 23.23 23.23 22.49 22.69 22111977.6 9674316 65536 
20140514 22.45 22.86 22.32 22.72 13697531.2 6054700 65536 
20140515 22.8 22.84 21.7 21.8 25215291.2 11418834 65536 
20140516 21.66 22.25 21.59 22.09 16552406.4 7531638 65536 
20140519 22.08 22.08 21.4 21.45 18239012.8 8453614 65536 
20140520 21.71 21.92 21.39 21.44 12075499.2 5587221 65536 
20140521 21.46 21.95 21.0 21.9 17955176.0 8321797 65536 
20140522 21.99 22.35 21.73 21.76 15395132.8 6974174 65536 
20140523 21.8 21.96 21.57 21.95 9793257.6 4497468 65536 
20140526 22.2 22.34 21.85 22.15 15991134.4 7245906 65536 
20140527 22.2 22.25 21.38 21.83 20081739.2 9241688 65536 
20140528 21.8 21.87 21.4 21.85 19131792.0 8846513 65536 
20140529 21.84 21.95 21.37 21.37 21608041.6 10013270 65536 
20140530 21.4 21.44 20.9 21.25 19079697.6 9015045 65536 
20140603 21.34 21.57 21.33 21.39 11849950.4 5528186 65536 
20140604 21.33 21.38 20.88 21.02 15702569.6 7465432 65536 
20140605 21.02 21.22 20.8 21.15 20853769.6 9937451 65536 
20140606 21.15 21.75 21.1 21.43 23486798.4 10941884 65536 
20140609 21.45 21.48 21.0 21.01 19173264.0 9079422 65536 
20140610 21.03 21.63 20.98 21.46 19235139.2 8997208 65536 
20140611 21.42 21.72 21.16 21.5 13182163.2 6135744 65536 
20140612 21.48 22.2 21.4 21.79 31127555.2 14198959 65536 
20140613 21.68 21.95 21.5 21.59 23666900.8 10923300 65536 
20140616 21.6 22.22 21.58 22.12 28343916.8 12901990 65536 
20140617 22.13 22.13 21.71 21.85 16353779.2 7482884 65536 
20140618 21.79 22.08 21.69 21.78 16416556.8 7496473 65536 
20140619 21.75 21.8 20.8 20.85 24940193.6 11795250 65536 
20140620 20.85 21.2 20.8 21.0 10154681.6 4829383 65536 
20140623 21.13 21.24 20.92 21.05 9882873.6 4680250 65536 
20140624 20.99 21.14 20.82 21.04 12499552.8 5962378 65536 
20140625 21.13 21.14 20.82 20.92 8584038.4 4098330 65536 
20140626 21.0 21.59 20.93 21.28 14793062.4 6924998 65536 
20140627 21.3 21.34 21.0 21.1 13750883.2 6506769 65536 
20140630 21.1 21.49 21.0 21.43 16351718.4 7678520 65536 
20140701 21.43 21.74 21.18 21.62 17934457.6 8330233 65536 
20140702 21.63 21.83 21.45 21.63 16318318.4 7546746 65536 
20140721 22.63 23.23 21.6 21.98 77354291.2 34964668 65536 
20140722 21.89 21.89 21.0 21.56 45492531.2 21353604 65536 
20140723 21.37 21.6 20.68 20.88 35515555.2 16809151 65536 
20140724 20.9 21.05 20.05 20.09 36560947.2 17992207 65536 
20140725 20.09 21.2 20.09 21.15 32917136.0 15841341 65536 
20140728 21.17 21.5 21.16 21.39 25173600.0 11787429 65536 
20140729 21.45 22.58 21.32 22.27 57497606.4 25853142 65536 
20140730 22.3 22.57 21.8 22.4 30569577.6 13697365 65536 
20140731 22.44 22.63 22.12 22.42 25924052.8 11609895 65536 
20140801 22.4 22.58 22.1 22.15 27751523.2 12443074 65536 
20140804 22.3 22.47 22.18 22.39 22119209.6 9890570 65536 
20140805 22.38 22.45 22.09 22.33 24464025.6 10993887 65536 
20140806 22.42 23.58 22.33 23.2 54753491.2 23722729 65536 
20140807 23.25 23.28 22.5 22.62 27493747.2 12014255 65536 
20140808 22.6 22.79 22.34 22.57 20564048.0 9112459 65536 
20140811 22.7 22.96 22.52 22.82 25127100.8 11054751 65536 
20140812 22.77 22.89 22.57 22.72 25329892.8 11155023 65536 
20140813 22.75 22.94 22.57 22.83 22251259.2 9770892 65536 
20140814 22.91 22.98 22.6 22.63 21905766.4 9627555 65536 
20140815 22.67 23.5 22.61 23.22 42321292.8 18283221 65536 
20140818 23.23 23.54 22.96 23.41 37732793.6 16237797 65536 
20140819 23.41 24.65 23.22 24.05 67013708.8 27951457 65536 
20140820 24.0 24.34 23.49 23.62 46568166.4 19468497 65536 
20140821 23.92 24.3 23.7 24.18 45464067.2 18907412 65536 
20140822 24.22 24.63 24.06 24.42 43420531.2 17816740 65536 
20140825 24.51 24.66 23.65 23.81 31588966.4 13139612 65536 
20140826 23.68 23.97 22.92 23.1 33550268.8 14375363 65536 
20140827 23.0 23.39 22.79 23.21 21195249.6 9178248 65536 
20140828 23.45 23.49 22.3 22.48 38217126.4 16848377 65536 
20140829 22.46 22.98 22.46 22.9 16761214.4 7366581 65536 
20140901 22.99 25.19 22.9 25.19 160324172.8 64725799 65536 
20140902 26.0 26.44 25.4 26.0 233230003.2 90180621 65536 
20140903 25.8 27.36 25.68 25.89 187886438.4 71359930 65536 
20140904 25.66 26.55 25.21 26.28 126908377.6 48637656 65536 
20140905 26.31 26.41 25.51 26.01 100246758.4 38664833 65536 
20140909 25.8 25.8 25.03 25.56 79481945.6 31166062 65536 
20140910 25.74 26.2 25.37 25.68 86052768.0 33365457 65536 
20140911 25.55 25.85 25.22 25.53 79770412.8 31226346 65536 
20140912 25.5 25.66 25.11 25.6 58640115.2 23117010 65536 
20140915 25.69 25.9 25.29 25.45 52305104.0 20506981 65536 
20140916 25.45 25.75 23.98 24.3 70428684.8 28117001 65536 
20140917 24.3 24.49 23.43 24.0 48591836.8 20306819 65536 
20140918 24.01 24.32 23.7 24.23 35377942.4 14692704 65536 
20140919 24.24 24.27 23.92 24.18 31997302.4 13273588 65536 
20140922 24.08 24.08 23.2 23.49 49171388.8 20937302 65536 
20140923 23.41 23.86 23.36 23.84 31057968.0 13109845 65536 
20140924 23.72 24.19 23.41 23.99 51105456.0 21486208 65536 
20140925 23.94 24.26 23.52 23.63 51566822.4 21597863 65536 
20140926 23.6 23.65 23.25 23.5 35637072.0 15208002 65536 
20140929 23.56 24.13 23.56 23.99 49457616.0 20707894 65536 
20140930 24.18 24.21 23.8 23.92 35773734.4 14934902 65536 
20141008 24.0 24.15 23.72 24.04 37986486.4 15897834 65536 
20141009 24.13 24.55 24.01 24.47 59923027.2 24614455 65536 
20141010 24.33 24.35 23.8 23.92 47856832.0 19865860 65536 
20141013 23.75 23.75 23.0 23.18 60442649.6 26003193 65536 
20141014 23.19 23.34 22.92 23.03 39485868.8 17084376 65536 
20141015 23.03 23.33 22.9 23.22 31376249.6 13535649 65536 
20141016 23.03 23.42 22.71 22.75 38382112.0 16643763 65536 
20141017 22.77 22.93 22.13 22.41 35377603.2 15734849 65536 
20141020 22.4 22.64 22.37 22.56 24785814.4 11014781 65536 
20141021 22.69 22.77 22.14 22.16 30153203.2 13462414 65536 
20141022 22.17 22.38 21.88 21.88 26661307.2 12075346 65536 
20141023 21.88 22.0 20.99 21.19 38068163.2 17881805 65536 
20141024 21.25 21.5 20.99 21.49 27257420.8 12836745 65536 
20141027 21.25 21.66 21.13 21.59 25326068.8 11814789 65536 
20141028 21.67 21.95 21.63 21.83 32453568.0 14900663 65536 
20141029 21.9 21.98 21.51 21.7 59658681.6 27456128 65536 
20141030 21.75 21.93 21.49 21.75 41388595.2 19039289 65536 
20141031 21.73 21.73 21.25 21.48 36098297.6 16828171 65536 
20141103 21.5 21.68 21.4 21.61 26431376.0 12258892 65536 
20141104 21.65 21.65 21.29 21.43 31436777.6 14681218 65536 
20141105 21.36 21.46 21.17 21.25 35736268.8 16804689 65536 
20141106 21.3 21.65 21.21 21.56 30581065.6 14274063 65536 
20141107 21.6 21.83 21.3 21.38 40221257.6 18582174 65536 
20141110 21.38 21.58 21.3 21.57 24827512.0 11582455 65536 
20141111 21.64 21.7 20.76 20.82 42046300.8 19927725 65536 
20141112 20.75 21.47 20.71 21.47 29863830.4 14108685 65536 
20141113 21.49 21.51 20.87 21.07 28991344.0 13750702 65536 
20141114 21.08 21.5 21.0 21.28 26396318.4 12372823 65536 
20141117 21.4 21.65 21.16 21.5 28278012.8 13176598 65536 
20141118 21.56 22.17 21.56 21.98 51652764.8 23520404 65536 
20141119 21.98 21.98 21.63 21.82 27033136.0 12398841 65536 
20141120 21.78 21.78 21.38 21.46 25776132.8 11971918 65536 
20141121 21.55 21.69 21.45 21.54 20052006.4 9297323 65536 
20141124 21.68 21.78 21.43 21.55 31127894.4 14425312 65536 
20141125 21.56 22.15 21.5 22.06 53355891.2 24366358 65536 
20141126 22.1 22.2 21.73 21.82 36245046.4 16566015 65536 
20141127 21.9 21.97 21.63 21.7 36828652.8 16923324 65536 
20141128 21.74 22.99 21.59 22.49 90423968.0 40266407 65536 
20141201 22.53 22.94 22.19 22.78 74417984.0 32885769 65536 
20141202 22.69 22.94 22.6 22.78 51912848.0 22789919 65536 
20141203 22.73 22.81 22.3 22.76 65752998.4 29169263 65536 
20141204 22.78 23.29 22.77 22.94 71687084.8 31099401 65536 
20141205 22.94 22.94 21.62 21.93 65971654.4 29704288 65536 
20141208 21.92 21.92 21.32 21.5 56272800.0 26123622 65536 
20141209 21.49 21.5 20.76 20.79 57782528.0 27266622 65536 
20141210 20.9 21.53 20.83 21.51 34609222.4 16230239 65536 
20141211 21.45 21.89 21.31 21.54 32171331.2 14906045 65536 
20141212 21.74 21.8 21.35 21.49 31531523.2 14683466 65536 
20141215 21.52 22.17 21.45 22.01 46722473.6 21313191 65536 
20141216 22.15 22.33 21.91 22.0 39005452.8 17651457 65536 
20141217 22.09 22.09 21.25 21.3 42409955.2 19780898 65536 
20141218 21.3 21.6 21.17 21.23 27548646.4 12890643 65536 
20141219 21.18 21.37 20.8 21.09 31804617.6 15142961 65536 
20141222 21.05 21.05 19.56 19.64 43384211.2 21702394 65536 
20141223 19.64 20.14 19.64 19.7 20662272.0 10400721 65536 
20141224 19.9 19.99 19.69 19.88 17701777.6 8930204 65536 
20141225 19.91 20.41 19.88 20.09 20467705.6 10171060 65536 
20141226 20.08 20.1 19.8 19.92 24395273.6 12274753 65536 
20141229 19.95 19.96 19.1 19.19 36583686.4 18791259 65536 
20141230 19.03 19.16 17.92 18.1 46695667.2 25457908 65536 
20141231 18.37 18.98 18.35 18.96 31640675.2 16854269 65536 
20150105 19.02 19.35 18.73 19.29 31209718.4 16317256 65536 
20150106 19.18 20.17 18.91 20.0 42161324.8 21406260 65536 
20150107 20.09 20.14 19.66 20.0 24917118.4 12515644 65536 
20150108 19.93 20.22 19.9 19.91 20577272.0 10274894 65536 
20150109 19.8 20.28 19.7 19.71 37550288.0 18755307 65536 
20150112 19.7 19.96 19.0 19.09 30303379.2 15619718 65536 
20150113 19.09 21.0 19.03 21.0 92137120.0 44741760 65536 
20150114 21.2 21.96 21.08 21.78 130810713.6 60500681 65536 
20150115 21.5 21.92 21.05 21.2 53717830.4 25110797 65536 
20150116 21.08 21.8 20.96 21.6 51732291.2 24186760 65536 
20150119 21.01 21.85 20.5 21.0 61167532.8 28751679 65536 
20150120 21.1 21.72 21.03 21.6 69545945.6 32499620 65536 
20150121 21.89 22.64 21.89 22.03 89406809.6 40181596 65536 
20150122 22.05 22.96 21.92 22.76 95651705.6 42328327 65536 
20150123 22.68 22.9 22.3 22.58 58639788.8 26017150 65536 
20150126 22.58 22.88 22.43 22.69 46226387.2 20445153 65536 
20150127 22.81 23.16 22.23 22.39 57950118.4 25586446 65536 
20150128 22.25 22.28 21.69 21.71 60460256.0 27536986 65536 
20150129 21.58 21.96 21.5 21.72 28131232.0 12913766 65536 
20150130 21.78 22.09 21.6 21.67 26978681.6 12364411 65536 
20150202 21.4 22.08 21.27 21.8 26466406.4 12147906 65536 
20150203 22.06 22.15 21.7 22.04 30406764.8 13843707 65536 
20150204 22.08 22.19 21.55 21.57 31871846.4 14555687 65536 
20150205 21.71 21.87 21.15 21.16 34768288.0 16143525 65536 
20150206 21.16 21.44 20.53 20.58 30289120.0 14503600 65536 
20150209 20.45 20.75 20.37 20.41 17836360.0 8686652 65536 
20150210 20.68 21.1 20.4 21.02 20674296.0 9932085 65536 
20150211 21.13 21.34 21.0 21.2 22652564.8 10712726 65536 
20150212 21.21 21.33 21.03 21.26 20434544.0 9647736 65536 
20150213 21.32 21.85 21.18 21.7 38922716.8 17981521 65536 
20150216 21.72 22.3 21.65 22.23 52761641.6 23972179 65536 
20150217 22.35 22.44 21.89 22.22 45510697.6 20468942 65536 
20150225 22.4 22.81 22.15 22.25 45317868.8 20182732 65536 
20150226 22.23 22.45 22.1 22.38 35856169.6 16098587 65536 
20150227 22.31 23.15 22.3 22.87 72598752.0 31866993 65536 
20150302 22.95 23.95 22.8 23.92 109575232.0 46408707 65536 
20150303 23.75 24.18 23.38 23.6 97166950.4 40891359 65536 
20150304 23.63 23.88 23.45 23.76 51194214.4 21624142 65536 
20150305 23.8 24.43 23.7 24.31 85289344.0 35400202 65536 
20150306 24.5 24.71 23.17 23.19 73043865.6 30767545 65536 
20150309 23.12 23.53 22.46 23.36 49476105.6 21510640 65536 
20150310 23.3 24.1 23.28 23.63 60363168.0 25417207 65536 
20150311 23.62 23.88 23.33 23.71 43444857.6 18384684 65536 
20150312 23.79 24.59 23.65 23.92 69891475.2 28942034 65536 
20150313 24.12 24.15 23.58 23.82 43600784.0 18325143 65536 
20150316 23.5 24.13 23.2 24.12 94447468.8 39899724 65536 
20150317 24.28 24.58 23.95 24.37 95526662.4 39285594 65536 
20150318 24.51 25.5 24.36 25.29 123309555.2 49172891 65536 
20150319 25.29 25.6 24.85 25.13 92273440.0 36582036 65536 
20150320 25.0 25.34 24.87 25.09 73616364.8 29441973 65536 
20150323 25.22 25.77 24.95 25.74 123235814.4 48554699 65536 
20150324 25.75 25.8 24.5 25.05 117469209.6 46796356 65536 
20150325 25.05 27.56 24.6 27.4 179129203.2 68438698 65536 
20150326 27.0 27.87 26.23 26.71 147615347.2 54465286 65536 
20150327 26.71 27.27 26.52 26.88 75287596.8 27946010 65536 
20150330 26.93 27.18 26.54 26.87 80647328.0 30063748 65536 
20150331 26.9 27.88 26.72 26.8 114467968.0 41993196 65536 
20150401 26.82 27.68 26.54 27.33 103094406.4 38099462 65536 
20150402 27.33 28.31 27.29 27.8 127114905.6 45774375 65536 
20150403 27.78 28.17 27.41 27.81 99694662.4 35830662 65536 
20150407 27.88 28.49 27.71 28.16 120160192.0 42863631 65536 
20150408 28.16 28.25 26.81 27.03 132266956.8 48330371 65536 
20150409 26.99 26.99 24.92 25.88 100712953.6 38820839 65536 
20150410 25.72 27.81 25.62 27.48 106974713.6 40032468 65536 
20150413 27.6 30.23 27.49 29.75 277452697.6 93540533 65536 
20150414 29.3 30.29 28.6 29.41 170888947.2 57601103 65536 
20150415 29.39 29.39 27.78 27.78 98984320.0 34882480 65536 
20150416 27.49 28.29 26.7 27.78 88740838.4 32002899 65536 
20150417 27.89 28.1 27.25 27.73 108680358.4 39343476 65536 
20150420 27.51 27.6 26.41 26.61 99676556.8 36822776 65536 
20150421 25.0 26.25 24.77 26.13 151506457.6 59142052 65536 
20150422 26.13 26.98 25.87 26.58 152434560.0 57976445 65536 
20150423 26.6 26.77 25.89 26.08 121781350.4 46439569 65536 
20150424 25.6 27.27 25.33 27.21 159145830.4 60184227 65536 
20150427 27.7 29.43 27.7 27.94 223915238.4 78618147 65536 
20150428 28.19 28.88 27.35 28.41 174693952.0 61837955 65536 
20150429 28.35 30.86 27.82 30.53 239974451.2 81524241 65536 
20150430 30.56 31.48 29.99 30.51 218167142.4 71031320 65536 
20150504 30.5 32.55 30.06 30.81 187754624.0 59770710 65536 
20150505 30.48 30.6 28.5 28.77 148562508.8 50291071 65536 
20150506 29.02 30.57 28.9 29.5 159638016.0 53587462 65536 
20150507 29.85 30.68 29.02 30.0 116901849.6 39052916 65536 
20150508 30.33 31.86 27.28 29.37 268891673.6 90313364 65536 
20150511 29.49 32.31 29.49 32.31 234374758.4 74903966 65536 
20150512 32.9 35.46 31.84 34.29 275492684.8 82549718 65536 
20150513 34.3 36.1 32.62 34.82 207736230.4 59522763 65536 
20150514 35.98 36.49 34.12 34.37 158838336.0 45423544 65536 
20150515 33.98 35.69 33.45 35.09 143685760.0 41297685 65536 
20150518 35.11 38.6 34.82 38.5 181133785.6 49138310 65536 
20150519 38.8 40.2 38.03 39.03 153785587.2 39302747 65536 
20150520 39.21 41.3 38.2 38.68 175456243.2 43911110 65536 
20150521 38.6 40.08 38.5 39.93 132569996.8 33605752 65536 
20150522 40.0 40.5 37.55 39.39 192129382.4 49636877 65536 
20150525 38.98 40.6 38.0 40.54 175040422.4 44440544 65536 
20150526 40.58 43.23 40.58 42.0 161114048.0 38253782 65536 
20150527 42.0 43.5 40.0 41.86 169081497.6 40101080 65536 
20150528 43.23 46.05 42.8 43.02 269361996.8 60312401 65536 
20150529 44.63 46.62 40.89 45.86 218306278.4 48834977 65536 
20150601 47.15 50.18 46.8 47.48 219820620.8 45708125 65536 
20150602 47.7 48.55 46.32 48.36 219451852.8 46223945 65536 
20150603 49.02 50.99 46.51 49.1 192854284.8 39424261 65536 
20150612 54.01 54.01 54.01 54.01 11612857.6 2150131 65536 
20150615 54.01 54.38 48.61 48.61 312802355.2 62333601 65536 
20150616 45.9 48.1 43.75 45.1 270752332.8 60278675 65536 
20150617 44.5 46.5 42.5 45.8 183384396.8 40941679 65536 
20150618 44.44 45.7 41.22 41.22 195177420.8 45027440 65536 
20150619 40.02 42.33 38.02 40.2 181018867.2 45431299 65536 
20150623 40.22 41.8 36.51 41.35 141630835.2 34956910 65536 
20150624 42.0 42.2 39.5 40.3 139824691.2 34425504 65536 
20150625 41.45 41.89 37.3 37.87 147506470.4 37205492 65536 
20150626 36.3 36.3 34.08 34.08 133911155.2 38246107 65536 
20150629 34.55 34.55 30.67 30.67 160905676.8 50751289 65536 
20150630 30.67 33.74 28.35 33.74 203858176.0 64599732 65536 
20150701 34.0 37.1 33.8 34.7 249106124.8 69765340 65536 
20150713 37.99 38.06 35.99 38.06 293170892.8 78408693 65536 
20150714 38.0 40.65 36.77 37.78 285152768.0 73715388 65536 
20150715 36.88 36.9 34.0 34.0 112369676.8 32056251 65536 
20150716 32.0 34.3 30.6 32.62 169679027.2 52406436 65536 
20150717 32.85 35.65 31.58 34.58 166823078.4 49441491 65536 
20150720 34.5 35.68 33.7 33.85 146804531.2 42604679 65536 
20150721 33.0 34.35 32.5 33.48 97450246.4 29158140 65536 
20150722 33.47 36.83 33.02 36.83 194931840.0 55554157 65536 
20150723 37.0 37.35 35.38 36.84 211226137.6 58051953 65536 
20150724 36.69 37.35 34.6 35.13 173285580.8 47585072 65536 
20150727 33.3 34.79 31.62 31.62 136866956.8 41046118 65536 
20150728 28.6 31.25 28.46 29.0 165052172.8 56402592 65536 
20150729 29.5 30.1 26.2 30.08 148768396.8 52846522 65536 
20150730 29.4 30.2 27.1 27.1 99228492.8 33985126 65536 
20150731 26.55 28.55 26.28 27.49 118844070.4 43215542 65536 
20150803 26.87 28.0 25.74 26.92 110154355.2 40994036 65536 
20150804 26.99 28.99 26.8 28.97 67495372.8 24100836 65536 
20150805 28.97 29.45 27.99 28.09 73189216.0 25482165 65536 
20150806 27.45 28.16 27.21 27.36 40739574.4 14747441 65536 
20150807 28.0 28.99 27.72 28.91 65525772.8 23075737 65536 
20150810 29.32 30.87 29.0 30.53 100097484.8 33410807 65536 
20150811 30.8 31.17 29.9 30.1 88573619.2 29042166 65536 
20150812 29.84 30.09 28.93 28.95 60236640.0 20374827 65536 
20150813 28.72 29.68 28.28 29.68 52117817.6 17919395 65536 
20150814 30.0 30.24 29.03 29.12 65525331.2 22146309 65536 
20150817 28.96 29.55 28.0 29.48 71043814.4 24857947 65536 
20150818 30.08 30.6 26.53 26.8 115239833.6 39644650 65536 
20150819 25.88 28.4 24.95 28.0 83919961.6 31437947 65536 
20150820 27.88 28.86 27.02 27.47 77976467.2 28021094 65536 
20150821 26.9 27.49 25.3 25.4 69509056.0 26257203 65536 
20150824 24.01 24.55 22.86 22.86 55258668.8 23924519 65536 
20150825 20.57 21.3 20.57 20.57 82183283.2 39831030 65536 
20150826 19.91 20.9 18.51 18.51 67215916.8 34283050 65536 
20150827 18.88 19.47 17.51 19.12 61992448.0 33234588 65536 
20150828 19.5 20.75 18.88 20.75 66652076.8 33878314 65536 
20150831 20.5 20.5 19.44 20.39 51307411.2 25591801 65536 
20150901 20.39 20.39 18.51 19.84 54312243.2 27797803 65536 
20150902 18.56 20.28 18.48 19.41 60591584.0 31084441 65536 
20150907 19.69 20.5 19.31 19.5 37736736.0 18875314 65536 
20150908 19.23 20.48 18.85 20.4 32695116.8 16620576 65536 
20150909 20.52 21.94 20.37 21.8 62268652.8 29462557 65536 
20150910 21.0 21.52 20.79 20.85 37509932.8 17718877 65536 
20150911 20.83 21.17 20.34 20.63 25269628.8 12179764 65536 
20150914 20.98 21.08 18.57 18.57 47435123.2 24334395 65536 
20150915 18.08 18.53 16.71 16.74 37618873.6 21610137 65536 
20150916 16.83 18.41 16.75 18.41 35237584.0 20238420 65536 
20150917 18.54 19.28 18.0 18.05 42364739.2 22742163 65536 
20150918 18.37 18.46 17.8 18.18 22652078.4 12526473 65536 
20150921 18.0 19.16 17.8 19.11 30509091.2 16353423 65536 
20150922 19.11 19.87 19.07 19.55 35694448.0 18278039 65536 
20150923 19.12 19.69 18.98 19.16 31109641.6 16100483 65536 
20150924 19.3 19.78 19.17 19.66 24903681.6 12766631 65536 
20150925 19.41 19.63 18.48 18.59 28180115.2 14841485 65536 
20150928 18.85 19.1 18.31 19.02 15354040.0 8148806 65536 
20150929 18.52 18.8 18.11 18.39 27349660.8 14814273 65536 
20150930 18.4 18.58 18.1 18.26 17438841.6 9510297 65536 
20151008 19.03 19.55 18.81 19.27 29366067.2 15286198 65536 
20151009 19.6 20.79 19.38 20.5 55402336.0 27284894 65536 
20151012 20.91 22.1 20.85 21.3 78280236.8 36531035 65536 
20151013 21.2 21.8 21.0 21.35 52689353.6 24588838 65536 
20151014 21.36 21.53 20.75 20.79 44869190.4 21305135 65536 
20151015 20.78 22.11 20.61 21.8 65267526.4 30394855 65536 
20151016 22.0 22.23 21.38 21.8 71292934.4 32799153 65536 
20151019 21.99 22.8 21.81 22.33 74303136.0 33363077 65536 
20151020 22.45 22.68 21.73 22.6 77859929.6 34884366 65536 
20151021 22.76 23.5 20.7 20.96 118200742.4 52493756 65536 
20151022 20.95 21.99 20.73 21.95 64531110.4 30162246 65536 
20151023 22.34 23.2 22.04 22.93 82017913.6 36318435 65536 
20151026 23.08 23.5 22.4 22.99 77867417.6 34037541 65536 
20151027 22.65 22.94 21.51 22.73 56434118.4 25349050 65536 
20151030 22.8 22.89 21.9 22.3 64884748.8 28858945 65536 
20151102 21.6 22.11 21.07 21.11 39334256.0 18231892 65536 
20151103 21.09 21.59 21.0 21.27 34792627.2 16382672 65536 
20151104 21.46 22.47 21.4 22.45 60077772.8 27303760 65536 
20151105 22.56 23.08 22.26 22.85 88422208.0 38899738 65536 
20151106 23.31 23.99 23.31 23.73 84807648.0 35819996 65536 
20151109 23.4 25.98 23.11 25.03 137974656.0 56358204 65536 
20151110 24.68 26.5 24.55 25.41 147396646.4 57468287 65536 
20151111 25.5 26.9 25.01 26.54 126439654.4 48374919 65536 
20151112 27.05 27.08 25.8 26.3 98068416.0 37368625 65536 
20151113 25.8 26.1 24.85 24.95 77545420.8 30396904 65536 
20151116 24.35 25.87 24.11 25.85 72768812.8 28654359 65536 
20151117 26.18 26.6 25.05 25.25 79690464.0 30752371 65536 
20151118 25.4 26.26 25.0 25.27 64429376.0 25172784 65536 
20151119 25.5 27.8 25.4 27.8 221399654.4 81946041 65536 
20151120 29.0 30.2 28.0 29.88 308127692.8 106047467 65536 
20151123 29.0 29.7 28.5 28.7 168419456.0 58243838 65536 
20151124 28.4 28.99 28.03 28.98 99401894.4 34846486 65536 
20151125 29.2 29.5 28.53 29.15 135899468.8 46908024 65536 
20151126 29.2 29.33 27.8 27.86 127177971.2 44933198 65536 
20151127 27.7 28.39 25.07 25.28 137590694.4 51346733 65536 
20151130 25.39 25.88 23.32 25.71 102026496.0 40922815 65536 
20151201 25.46 26.27 24.91 25.5 60829606.4 23868510 65536 
20151202 25.5 25.64 23.75 24.7 63788371.2 25897905 65536 
20151203 24.68 25.57 24.64 25.57 66585331.2 26377642 65536 
20151204 25.57 25.57 24.87 25.06 59772083.2 23669975 65536 
20151207 25.19 25.59 24.8 25.48 65560960.0 25869195 65536 
20151208 25.25 25.41 24.65 24.88 60905120.0 24387756 65536 
20151209 24.6 25.0 23.91 23.98 57965849.6 23824060 65536 
20151210 24.0 24.69 23.71 24.12 43015468.8 17727842 65536 
20151211 24.13 24.48 23.95 24.17 34105350.4 14054606 65536 
20151214 23.8 24.58 23.45 24.57 55330336.0 23138523 65536 
20151215 24.76 25.5 24.5 25.07 63781990.4 25398366 65536 
20151216 25.4 27.37 25.2 26.57 123417996.8 46603054 65536 
20151217 27.36 27.85 26.78 27.1 141936588.8 52134762 65536 
20151218 27.03 29.81 27.03 29.0 289153075.2 100032910 65536 
20151221 29.2 29.73 28.5 29.41 243217766.4 83670016 65536 
20151222 29.55 31.66 29.55 31.36 245816857.6 80160826 65536 
20151223 31.2 31.2 29.7 30.0 173501209.6 56753653 65536 
20151224 30.51 31.87 30.21 30.63 162442406.4 52241138 65536 
20151225 31.0 31.97 30.3 31.47 131738176.0 42222813 65536 
20151228 31.83 33.96 30.99 31.0 212403468.8 65336880 65536 
20151229 31.04 31.99 30.02 30.7 149854003.2 48396228 65536 
20151230 30.68 33.49 30.52 33.3 176260876.8 54957032 65536 
20151231 32.77 33.0 31.01 31.02 169655078.4 53320822 65536 
20160104 30.6 30.6 27.92 27.92 118023820.8 41006153 65536 
20160105 26.5 29.5 26.5 29.12 183376128.0 64934656 65536 
20160106 29.47 29.6 27.8 29.32 144758976.0 50455488 65536 
20160107 28.2 28.39 26.39 26.39 32999632.0 12085700 65536 
20160108 26.95 27.31 24.56 25.9 116352166.4 44113874 65536 
20160111 24.8 25.4 23.31 23.31 100753587.2 41710575 65536 
20160112 23.21 24.3 22.6 23.71 96907187.2 41104686 65536 
20160113 23.9 24.33 21.85 22.0 79039187.2 33801424 65536 
20160114 21.11 23.65 21.11 23.33 99013721.6 44132751 65536 
20160115 23.0 23.97 22.22 22.46 87252748.8 37633660 65536 
20160118 22.1 24.39 21.98 23.8 92874720.0 39925966 65536 
20160119 23.7 25.42 23.5 25.21 104487948.8 42302238 65536 
20160120 24.98 25.72 24.44 24.82 85279942.4 34013259 65536 
20160121 24.37 25.32 23.11 23.11 74126176.0 30421023 65536 
20160122 23.71 24.36 23.1 24.35 75390604.8 31517410 65536 
20160125 24.9 25.18 24.21 24.6 69020051.2 27932245 65536 
20160126 24.1 24.38 22.14 22.14 69221542.4 29877681 65536 
20160127 22.41 22.5 20.28 22.35 85235276.8 40069304 65536 
20160128 21.73 22.08 20.33 20.6 51793676.8 24231192 65536 
20160129 20.7 22.32 20.44 21.96 55803027.2 26089818 65536 
20160201 21.78 22.62 21.47 22.06 52658595.2 23833299 65536 
20160202 22.22 23.5 22.08 23.1 57976492.8 25219020 65536 
20160203 22.65 23.18 22.05 22.87 55050432.0 24326144 65536 
20160204 23.03 23.77 23.02 23.14 59393702.4 25402860 65536 
20160205 23.36 23.7 23.0 23.37 49635763.2 21296800 65536 
20160215 22.3 23.96 22.3 23.57 54419494.4 23426926 65536 
20160216 23.78 25.15 23.61 24.8 78507046.4 32036891 65536 
20160217 24.69 25.68 24.38 25.45 87082572.8 34716988 65536 
20160218 25.55 25.6 24.66 24.84 76436806.4 30501826 65536 
20160219 24.9 25.5 24.8 25.01 58910252.8 23406644 65536 
20160222 25.37 26.37 24.83 26.22 102820742.4 40477920 65536 
20160223 25.99 25.99 24.6 25.09 105336684.8 41712344 65536 
20160224 25.04 25.3 23.79 24.61 87737292.8 35928926 65536 
20160225 24.48 24.84 22.15 22.15 101399225.6 43602767 65536 
20160226 22.38 22.6 21.2 21.85 64733798.4 29376645 65536 
20160229 21.4 21.65 19.67 19.8 77108921.6 38337465 65536 
20160301 19.79 20.97 19.6 20.62 60002470.4 29607944 65536 
20160302 20.99 22.07 20.85 21.98 70892128.0 32848287 65536 
20160303 22.33 22.94 21.8 21.82 68426675.2 30486611 65536 
20160304 21.58 21.99 20.89 21.16 59588601.6 27772098 65536 
20160307 21.66 22.26 21.53 21.72 33639497.6 15372950 65536 
20160308 21.49 21.7 20.3 21.5 39305644.8 18699071 65536 
20160309 20.9 22.24 20.62 21.5 41399667.2 19067497 65536 
20160310 21.48 21.88 21.21 21.25 30140073.6 13979178 65536 
20160311 20.91 21.99 20.87 21.95 35623984.0 16551703 65536 
20160314 22.32 23.17 22.1 22.72 64071334.4 28232664 65536 
20160315 22.61 22.9 22.17 22.25 33919260.8 15038301 65536 
20160316 22.46 22.7 21.58 21.89 29638656.0 13413827 65536 
20160317 22.11 24.0 22.03 23.32 71181785.6 30902818 65536 
20160318 23.5 24.56 23.5 23.85 92867776.0 38574527 65536 
20160321 24.5 24.87 24.02 24.42 84216428.8 34509572 65536 
20160322 24.3 25.62 24.16 24.99 110500684.8 43948546 65536 
20160323 24.74 25.29 24.4 25.19 65396966.4 26330184 65536 
20160324 25.0 26.18 24.55 24.87 96622918.4 37948277 65536 
20160325 24.59 25.08 24.31 24.58 56991974.4 23135812 65536 
20160328 24.85 25.25 23.94 24.12 59624550.4 24171305 65536 
20160329 24.25 24.25 23.23 23.76 50930640.0 21376421 65536 
20160330 24.2 26.14 24.17 26.14 189288870.4 73669257 65536 
20160331 26.14 26.75 25.9 26.54 153804377.6 58459356 65536 
20160401 26.02 26.7 25.72 26.63 104510035.2 39841728 65536 
20160405 26.9 28.5 26.35 27.7 133295500.8 48556717 65536 
20160406 27.41 28.6 27.4 28.21 107118438.4 38254452 65536 
20160407 28.15 28.45 27.01 27.06 86775776.0 31357627 65536 
20160408 26.7 27.39 26.31 27.11 71967488.0 26799550 65536 
20160411 27.8 28.17 27.41 27.44 69598688.0 25097326 65536 
20160412 27.4 27.44 26.41 26.66 53037366.4 19868342 65536 
20160413 27.0 27.88 26.94 27.14 76691091.2 27925632 65536 
20160414 27.4 28.5 27.26 28.2 80130956.8 28630076 65536 
20160415 28.3 28.31 27.3 27.61 65629721.6 23785449 65536 
20160418 27.31 27.44 26.5 27.12 65092857.6 24261136 65536 
20160419 27.16 27.4 26.44 26.84 58113081.6 21742098 65536 
20160420 27.4 27.81 25.11 26.7 106423820.8 39868497 65536 
20160421 26.15 26.85 25.62 25.92 55249388.8 20981457 65536 
20160422 25.62 26.25 25.3 26.2 52738742.4 20430070 65536 
20160425 26.04 26.8 25.55 26.52 56189452.8 21319207 65536 
20160426 26.26 27.04 26.26 26.65 43002332.8 16109606 65536 
20160427 26.66 26.78 25.7 25.83 50157670.4 19170338 65536 
20160428 25.7 25.95 24.85 25.58 46124432.0 18186534 65536 
20160429 25.45 25.93 25.45 25.55 32638233.6 12715117 65536 
